0.000 0.000 59.282 39.981
1.000 1.001 59.565 39.132
2.000 2.097 58.999 40.547
3.000 3.098 58.150 40.547
4.000 4.203 59.470 39.604
5.000 5.203 61.263 39.698
6.000 6.204 62.206 38.661
7.000 7.204 63.338 38.849
8.000 8.205 65.131 38.566
9.000 9.206 66.263 38.378
10.000 10.206 68.433 36.113
11.000 11.206 68.716 35.547
12.000 12.207 68.527 35.076
13.000 13.207 67.301 35.642
14.000 14.207 68.904 35.547
15.000 15.208 67.961 35.547
16.000 16.208 68.716 35.170
17.000 17.209 70.036 34.981
18.000 18.209 70.414 35.925
19.000 19.211 70.036 37.057
20.000 20.311 68.527 36.585
21.000 21.312 68.055 36.113
22.000 22.313 67.961 35.642
23.000 23.413 69.848 37.434
24.000 24.414 71.263 37.529
25.000 25.414 68.621 36.774
26.000 26.514 69.470 36.302
27.000 27.514 69.942 35.264
28.000 28.515 70.131 35.736
29.000 29.516 70.508 35.925
30.000 30.516 69.470 35.736
31.000 31.516 71.263 36.491
32.000 32.522 72.772 37.151
33.000 33.617 73.338 35.642
34.000 34.618 74.093 35.925
35.000 35.618 74.376 36.113
36.000 36.620 75.508 37.623
37.000 37.620 77.018 37.057
38.000 38.620 77.772 38.566
39.000 39.621 77.018 38.000
40.000 40.621 76.829 38.283
41.000 41.622 77.018 38.000
42.000 42.722 76.357 37.340
43.000 43.723 76.923 37.623
44.000 44.823 77.772 37.623
45.000 45.824 77.584 36.585
46.000 46.825 77.584 34.321
47.000 47.825 77.961 34.321
48.000 48.825 78.338 34.132
49.000 49.826 78.904 34.227
50.000 50.826 79.187 33.095
51.000 51.827 78.810 31.774
52.000 52.827 77.206 31.491
53.000 53.828 76.923 33.849
54.000 54.829 77.206 34.698
55.000 55.829 77.678 35.736
56.000 56.830 77.678 35.359
57.000 57.930 76.452 34.887
58.000 58.931 76.452 35.642
59.000 60.031 75.791 35.642
60.000 61.032 75.320 34.793
61.000 62.033 75.320 33.849
62.000 63.033 74.093 32.906
63.000 64.033 74.376 33.378
64.000 65.034 74.753 32.434
65.000 66.034 74.659 33.095
66.000 67.034 75.036 32.245
67.000 68.035 81.735 28.189
68.000 69.035 83.621 27.717
69.000 70.036 82.867 28.472
70.000 71.036 82.678 26.491
71.000 72.038 83.433 28.566
72.000 73.038 84.282 29.227
73.000 74.039 85.036 28.944
74.000 75.039 84.376 28.566
75.000 76.040 84.659 29.887
76.000 77.040 85.320 30.453
77.000 78.041 86.829 29.698
78.000 79.136 86.357 29.887
79.000 80.137 86.923 30.170
80.000 81.138 87.584 31.774
81.000 82.138 88.810 33.189
82.000 83.138 87.489 34.038
83.000 84.243 87.301 32.245
84.000 85.244 88.055 30.170
85.000 86.245 87.489 30.736
86.000 87.245 87.112 32.151
87.000 88.245 86.735 31.585
88.000 89.247 86.546 33.189
89.000 90.247 85.131 33.849
90.000 91.248 85.603 32.434
91.000 92.248 87.018 32.057
92.000 93.248 88.244 31.679
93.000 94.249 87.489 31.491
94.000 95.249 86.735 31.491
95.000 96.250 88.055 30.264
96.000 97.350 87.301 29.981
97.000 98.351 86.546 29.038
98.000 99.451 86.169 29.321
99.000 100.452 86.735 30.642
100.000 101.552 87.961 29.793
101.000 102.553 89.093 29.132
102.000 103.653 88.716 29.415
103.000 104.654 88.716 29.887
104.000 105.656 88.150 28.283
105.000 106.656 88.150 28.283
106.000 107.656 88.716 27.057
107.000 108.656 89.093 29.415
108.000 109.657 87.678 29.604
109.000 110.657 88.999 28.944
110.000 111.658 92.112 28.095
111.000 112.658 93.621 28.095
112.000 113.659 92.584 28.095
113.000 114.659 91.452 27.812
114.000 115.660 93.150 25.925
115.000 116.661 96.263 26.774
116.000 117.661 95.791 27.623
117.000 118.661 95.791 27.623
118.000 119.761 96.357 26.585
119.000 120.762 96.169 26.019
120.000 121.862 96.074 25.830
121.000 122.864 96.923 27.151
122.000 123.964 96.074 28.189
123.000 124.965 96.452 28.000
124.000 125.966 97.301 27.340
125.000 126.966 98.527 27.340
126.000 127.966 98.527 26.302
127.000 128.967 97.206 24.604
128.000 129.967 97.206 24.038
129.000 130.968 97.867 23.095
130.000 131.968 98.621 23.095
131.000 132.968 98.433 21.491
132.000 133.969 97.395 21.302
133.000 134.969 96.357 21.491
134.000 135.970 96.546 22.245
135.000 137.070 97.489 23.189
136.000 138.071 98.150 22.623
137.000 139.072 98.244 21.868
138.000 140.072 99.470 21.396
139.000 141.073 100.791 21.019
140.000 142.074 99.565 19.887
141.000 143.074 101.452 21.113
142.000 144.075 100.791 21.113
143.000 145.075 101.263 21.302
144.000 146.075 101.735 20.359
145.000 147.076 100.886 20.170
146.000 148.076 100.697 19.321
147.000 149.077 100.603 20.076
148.000 150.077 100.225 20.736
149.000 151.078 100.225 21.019
150.000 152.078 100.980 19.604
151.000 153.079 99.659 20.076
152.000 154.079 100.791 19.604
153.000 155.175 100.131 19.038
154.000 156.175 100.508 18.755
155.000 157.176 99.470 18.944
156.000 158.282 100.131 20.736
157.000 159.282 100.320 20.831
158.000 160.383 100.791 20.076
159.000 161.383 100.131 19.510
160.000 162.384 99.942 17.812
161.000 163.384 98.716 16.868
162.000 164.385 98.716 17.057
163.000 165.385 97.395 16.962
164.000 166.386 98.244 17.623
165.000 167.386 96.357 17.151
166.000 168.387 96.357 18.755
167.000 169.387 95.886 17.151
168.000 170.387 96.640 16.774
169.000 171.388 96.546 15.830
170.000 172.388 95.036 14.887
171.000 173.389 93.621 16.113
172.000 174.389 92.678 16.868
173.000 175.391 92.678 16.302
174.000 176.392 94.753 15.170
175.000 177.392 94.753 13.849
176.000 178.392 95.225 13.849
177.000 179.393 96.263 13.849
178.000 180.393 97.584 14.227
179.000 181.393 97.206 14.981
180.000 182.394 96.546 16.019
181.000 183.394 96.452 15.925
182.000 184.395 95.791 17.529
183.000 185.396 96.263 17.906
184.000 186.396 96.546 17.717
185.000 187.396 96.263 17.340
186.000 188.397 96.735 18.378
187.000 189.397 96.829 18.661
188.000 190.398 97.206 19.227
189.000 191.398 96.829 20.170
190.000 192.398 97.584 20.925
191.000 193.400 98.904 21.585
192.000 194.400 97.395 21.774
193.000 195.401 98.433 22.812
194.000 196.501 98.055 23.189
195.000 197.502 97.867 24.415
196.000 198.503 97.395 25.170
197.000 199.503 95.980 24.793
198.000 200.503 95.791 25.830
